*** v1 (1-50) ***
1,
1,
2,
2,
3,
1,
2,
2,
3,
3,
4,
1,
2,
2,
3,
3,
4,
2,
3,
3,
4,
4,
5,
1,
2,
2,
3,
3,
4,
2,
3,
3,
4,
4,
5,
2,
3,
3,
4,
4,
5,
3,
4,
4,
5,
5,
6,
1,
2,
2,
*** v2 (1-50) ***
1,
2,
3,
4,
1,
2,
3,
4,
5,
1,
2,
3,
4,
5,
2,
3,
4,
5,
6,
2,
3,
4,
5,
6,
1,
2,
3,
4,
5,
2,
3,
4,
5,
6,
2,
3,
4,
5,
6,
3,
4,
5,
6,
7,
3,
4,
5,
6,
7,
1,
*** v3 (1-50) ***
1,
2,
3,
4,
5,
1,
2,
3,
4,
5,
6,
2,
1,
2,
3,
4,
5,
6,
2,
3,
4,
5,
6,
7,
3,
2,
3,
4,
5,
6,
7,
3,
4,
5,
6,
7,
1,
2,
3,
4,
5,
6,
2,
3,
4,
5,
6,
7,
3,
2,
*** v1 (2000-2200) ***
36,
37,
37,
38,
34,
35,
35,
36,
36,
37,
35,
36,
36,
37,
37,
38,
35,
36,
36,
37,
37,
38,
36,
37,
37,
38,
38,
39,
34,
35,
35,
36,
36,
37,
35,
36,
36,
37,
37,
38,
34,
35,
35,
36,
36,
37,
35,
36,
36,
37,
37,
38,
35,
36,
36,
37,
37,
38,
36,
37,
37,
38,
38,
39,
35,
36,
36,
37,
37,
38,
36,
37,
37,
38,
38,
39,
36,
37,
37,
38,
38,
39,
37,
38,
38,
39,
39,
40,
35,
36,
36,
37,
37,
38,
36,
37,
37,
38,
38,
39,
35,
36,
36,
37,
37,
38,
36,
37,
37,
38,
38,
39,
36,
37,
37,
38,
38,
39,
37,
38,
38,
39,
39,
40,
36,
37,
37,
38,
38,
39,
37,
38,
38,
39,
39,
40,
37,
38,
38,
39,
39,
40,
38,
39,
39,
40,
40,
41,
36,
37,
37,
38,
38,
39,
37,
38,
38,
39,
39,
40,
36,
37,
37,
38,
38,
39,
37,
38,
38,
39,
39,
40,
37,
38,
38,
39,
39,
40,
38,
39,
39,
40,
40,
41,
37,
38,
38,
39,
39,
40,
38,
39,
39,
40,
40,
41,
38,
39,
39,
40,
40,
*** v2 (2000-2200) ***
40,
41,
42,
43,
44,
41,
42,
43,
44,
45,
41,
42,
43,
44,
45,
42,
43,
44,
45,
46,
42,
43,
44,
45,
46,
41,
42,
43,
44,
45,
42,
43,
44,
45,
46,
42,
43,
44,
45,
46,
43,
44,
45,
46,
47,
43,
44,
45,
46,
47,
41,
42,
43,
44,
45,
42,
43,
44,
45,
46,
42,
43,
44,
45,
46,
43,
44,
45,
46,
47,
43,
44,
45,
46,
47,
42,
43,
44,
45,
46,
43,
44,
45,
46,
47,
43,
44,
45,
46,
47,
44,
45,
46,
47,
48,
44,
45,
46,
47,
48,
42,
43,
44,
45,
46,
43,
44,
45,
46,
47,
43,
44,
45,
46,
47,
44,
45,
46,
47,
48,
44,
45,
46,
47,
48,
43,
44,
45,
46,
47,
44,
45,
46,
47,
48,
44,
45,
46,
47,
48,
45,
46,
47,
48,
49,
45,
46,
47,
48,
49,
43,
44,
45,
46,
47,
44,
45,
46,
47,
48,
44,
45,
46,
47,
48,
45,
46,
47,
48,
49,
45,
46,
47,
48,
49,
44,
45,
46,
47,
48,
45,
46,
47,
48,
49,
45,
46,
47,
48,
49,
46,
47,
48,
49,
50,
46,
47,
48,
49,
50,
44,
*** v3 (2000-2200) ***
15,
16,
17,
18,
19,
20,
16,
17,
18,
19,
20,
21,
17,
16,
17,
18,
19,
20,
21,
17,
18,
19,
20,
21,
15,
16,
17,
18,
19,
20,
16,
17,
18,
19,
20,
21,
17,
16,
17,
18,
19,
20,
21,
17,
18,
19,
20,
21,
22,
18,
17,
18,
19,
20,
21,
22,
18,
19,
20,
21,
22,
16,
17,
18,
19,
20,
21,
17,
18,
19,
20,
21,
22,
18,
17,
18,
19,
20,
21,
22,
18,
19,
20,
21,
22,
23,
19,
18,
19,
20,
21,
22,
23,
19,
20,
21,
22,
23,
17,
18,
14,
15,
16,
17,
18,
19,
15,
16,
17,
18,
19,
20,
16,
15,
16,
17,
18,
19,
20,
16,
17,
18,
19,
20,
21,
17,
16,
17,
18,
19,
20,
21,
17,
18,
19,
20,
21,
15,
16,
17,
18,
19,
20,
16,
17,
18,
19,
20,
21,
17,
16,
17,
18,
19,
20,
21,
17,
18,
19,
20,
21,
22,
18,
17,
18,
19,
20,
21,
22,
18,
19,
20,
21,
22,
16,
17,
18,
19,
20,
21,
17,
18,
19,
20,
21,
22,
18,
17,
18,
19,
20,
21,
22,
18,
19,
20,
21,
22,
23,
19,
18,
